5000 1000
1580 4262
187 2581
208 3170
3308 4546
196 3042
3779 3890
4001 4555
3033 4738
21 1633
1598 3597
2606 4853
1028 3988
2286 2779
816 3396
2239 3162
760 4269
2188 4554
1653 3725
2251 4879
357 3929
410 2599
2565 3844
1784 4981
1437 3678
4529 4536
470 1499
472 1933
1044 1903
1478 3137
1156 2615
607 4628
939 2780
3487 4914
1981 3654
1307 2025
3565 4612
460 736
10 3046
3761 4636
324 4367
129 579
174 3425
558 4136
2561 2631
1775 4285
2018 3651
2137 3151
862 2474
4648 4706
4366 4540
1176 3478
4174 4758
1929 2696
541 4011
1203 3958
1697 2998
425 1598
729 2224
833 4328
2162 3627
2948 4136
457 3627
82 2515
1114 3953
1069 4099
1446 1859
3776 4600
909 1427
2610 4848
1172 2002
725 4647
3418 3897
1391 3358
3357 4448
1187 1640
4417 4485
4104 4234
3058 4752
3347 3877
1214 3414
3116 3417
3405 3694
2948 3204
4499 4718
1033 1981
3006 3245
883 4321
1623 2605
1189 3812
154 3105
4356 4712
1290 1674
2204 4664
1726 3827
1184 4371
968 3675
2286 3165
164 3441
2919 3470
182 4665
2223 4560
615 764
352 2456
524 3014
1946 4541
149 3681
337 3213
2498 3874
271 4811
630 2370
445 885
1731 2251
399 745
2743 3346
1945 2538
640 1575
483 3093
2153 2675
1181 2889
2054 2360
3609 3758
8 1362
585 4252
147 262
1001 1713
3672 4494
993 4159
1265 3993
1130 4274
1506 2866
308 1980
1118 4873
1842 4559
91 4586
306 3775
3986 4170
1275 3293
792 3146
1459 2599
480 4494
343 1294
307 2071
4786 4976
962 3828
696 2006
3904 4705
468 4860
1716 4468
1191 1259
3317 4802
3938 4412
2129 4026
2185 3509
3299 3436
538 2100
60 2835
1089 4719
2331 4517
1949 2293
1090 3852
452 1057
803 1832
955 1988
3533 4818
2349 4057
121 3490
325 694
584 1667
17 4417
2677 4318
3640 4610
1142 2102
2585 4759
222 2774
1218 1672
4352 4667
727 1113
2803 4817
1204 1933
118 3282
1058 1356
312 2853
3959 4264
905 3891
31 341
1044 2267
271 2621
4286 4516
207 540
3159 4919
2528 3505
191 3837
907 2624
1819 3155
358 2324
435 2802
1691 3097
1981 4510
2976 4530
1917 2518
2023 3952
2164 2335
659 2304
451 3201
518 1089
1708 3784
3894 4388
2831 3418
1397 3372
313 353
1017 3210
767 3707
19 2083
931 2712
1782 4422
1494 3545
3161 4364
1609 4525
582 2460
3233 3839
78 1181
3086 4491
634 1288
1381 1931
2005 2128
2339 4596
4110 4524
1543 3658
763 1636
542 1860
4389 4809
995 2167
2307 4029
2273 2837
2138 2585
129 383
3151 3948
1602 2041
1147 4891
668 3312
1008 1319
1471 4915
552 1598
657 3442
754 2439
1733 3014
4236 4790
533 4621
1753 2113
990 4178
927 4663
3493 4722
2485 4377
1332 4893
1867 2398
1804 4637
1080 4078
99 1721
3113 4167
450 1494
766 3231
1628 3705
1229 4297
2398 2452
1496 4409
2958 3809
4601 4627
2536 4230
2646 4485
1023 2721
700 1854
1520 2757
3313 4707
1908 2538
3558 4157
235 2380
745 1871
902 3860
1322 4870
85 4119
506 4688
186 1805
177 3395
2573 4971
1910 4095
635 4643
228 3507
1618 4164
499 4278
2537 4344
1465 2885
316 1036
1184 4281
366 2282
1248 2331
603 3466
2461 2472
1083 1506
305 1958
87 3457
503 2696
2260 3108
4428 4600
3379 4470
1126 1956
679 3523
715 4604
49 3952
839 2013
2738 4962
3337 4287
367 1679
3566 4759
1974 2100
1442 3332
3723 3825
1669 4295
1767 2866
2569 4641
1370 1820
355 4723
3521 4800
3801 3977
146 3265
801 4991
168 2683
85 4745
78 419
1124 1564
1523 1572
464 4969
3266 4738
1238 3286
2003 4926
2487 2719
3651 4149
1981 3909
2079 3027
158 362
3913 4213
1360 1544
619 4328
3122 3481
3500 3804
1824 2533
1736 4340
4040 4466
22 2218
1160 1443
400 2764
3375 4955
2359 3643
297 2757
1255 1655
2408 4667
367 3624
1852 2779
3067 3834
2449 4722
257 4052
1455 4555
1348 4464
1391 4585
2114 4212
785 903
1135 3506
2310 3331
1281 3350
4138 4164
2045 4998
1202 2795
64 1768
1413 1693
531 1010
3174 3636
1532 3936
2859 4651
983 2095
779 1329
1672 3177
3871 4338
1185 4662
954 4260
506 4324
4459 4890
961 3001
840 2968
679 4678
3142 3380
2844 3731
802 1451
1173 3197
599 3036
1156 4239
2940 4276
1315 2051
546 1264
622 1367
2553 3225
319 4966
1648 3578
3161 4021
243 4202
1420 2354
304 4751
3054 3934
1080 4463
410 1792
3408 3889
108 479
1016 3408
695 4266
935 982
1935 3695
2331 4083
2823 3950
142 3384
426 1889
907 1013
2524 3367
2136 3222
1605 4535
3002 4293
2768 4347
1646 3878
1034 4195
2968 3104
2043 2936
264 2929
1607 4978
349 920
1483 4244
1484 3450
1851 2109
742 3187
248 1383
1872 3866
724 2050
2842 3183
196 3433
561 1396
59 2829
2807 4182
3126 4768
3193 4792
2242 3906
3625 4461
1951 4659
2424 3195
3213 4845
329 2601
64 1920
102 2858
1098 1228
2637 3416
1648 2506
515 3764
2380 3621
3695 4365
1635 3271
1931 3391
2314 3245
365 826
459 4413
1229 2625
1261 3545
922 1423
23 3680
3482 4092
1790 2335
442 1827
1184 1659
3326 4712
1756 1991
1077 1363
832 4468
3546 3751
2406 3112
912 1594
319 1876
81 4027
1142 2033
4205 4727
793 4310
2486 4944
1852 2391
1618 1817
165 309
2324 3979
714 3459
436 3966
2242 3287
1498 3948
1884 3741
1417 2284
1476 2599
1240 3647
751 1525
55 765
334 4465
3360 3889
1073 4823
4765 4898
1235 4742
728 1083
3392 4772
3315 3921
325 1574
1563 2355
125 517
551 722
1817 2779
634 4242
1445 4547
55 595
557 1986
1861 4014
1152 3500
791 3896
1469 3549
4109 4551
472 1847
851 2857
340 4460
190 4885
3488 3807
1837 3373
4587 4767
3567 4266
1197 4540
89 4924
1651 3621
2157 2786
1102 4555
591 1846
2655 3083
2873 4849
953 4302
135 1658
2007 3776
634 866
2746 3834
3868 4768
3538 4828
2371 4540
1126 4862
2558 3647
2 1738
4340 4408
206 4840
1720 4581
409 2515
1898 4187
2968 4000
1422 4725
2213 2317
2619 4095
19 2309
117 2138
335 2074
747 1808
29 848
196 2287
452 4436
1435 2746
207 4286
1286 4650
3115 3307
309 1745
93 3367
1960 4581
1842 4829
1624 4680
2070 4985
1178 4678
3231 3896
2166 3067
709 1590
3731 4777
418 970
2170 2435
4446 4591
2773 4666
407 1603
828 4068
1686 4297
2678 4133
1498 3180
828 3953
2487 4699
765 2551
2765 3215
341 2307
1673 3896
1802 4530
2728 3956
2186 3663
1910 3004
1366 4744
2340 3719
618 4317
1954 2675
207 3920
2271 4731
509 4641
3864 3939
1017 1481
2660 2893
2804 3916
1299 3331
961 3228
701 796
8 2517
1811 3840
55 1727
731 3850
866 981
597 968
2396 2781
5 2925
102 1144
3894 4751
341 1275
2573 4092
480 2148
1143 2563
2882 4484
119 198
1767 4176
1750 4162
3331 4021
2660 4674
1116 3158
940 3239
3 4071
3772 4335
3198 4566
1154 4691
1972 3695
4423 4989
1112 2428
138 4962
309 3293
359 2921
3570 4562
2442 4078
1486 3234
3575 4501
1979 4339
3250 4615
979 3763
2511 4148
2442 2834
3248 4672
618 4144
1215 2869
256 2839
1109 2516
138 2602
1144 4769
3382 3873
606 689
2372 3589
1332 4084
1756 4772
2406 3847
3114 4531
3803 4194
866 3278
549 3210
2208 4741
863 890
2009 2531
1948 4091
3425 3895
2022 3530
1801 2039
968 2235
183 2419
1199 2525
3002 3837
300 2298
2240 2933
2204 4455
3510 4641
1696 2354
1068 2859
894 1283
2465 4625
489 4471
1261 4920
2766 4251
2582 3094
3210 4314
1017 2523
56 2058
2951 4416
4601 4793
706 4163
2590 2594
3940 4359
954 4198
3592 3704
2203 2411
722 4766
1706 3403
2207 2712
3089 4964
1471 2841
156 3224
482 3686
968 1646
1766 4695
715 1799
1700 4876
1642 4254
1586 3367
2068 4896
2684 4963
443 2280
403 3285
1711 4736
1360 3594
2424 3983
1444 4708
1201 2999
1609 2793
3405 3931
1439 1744
2744 3595
726 3101
1706 3093
2022 3892
766 2872
1756 4610
441 3078
3572 4367
1249 2135
1192 1492
618 1161
487 1649
3002 3739
945 1919
3844 4423
1753 4793
3244 4583
600 4576
3821 4788
1117 3325
1055 3209
588 3482
727 4490
2838 3106
1131 2852
1853 2832
1392 2283
680 4166
3622 4929
1183 2708
55 810
549 4317
1319 1335
243 1818
242 2871
2699 4601
799 4016
1039 1569
1495 2607
1594 2502
2695 3050
206 3687
662 4395
876 1277
3125 3552
3384 3799
865 2839
893 4313
2082 4819
1114 3522
1483 4463
2880 3909
188 1334
1320 4539
66 2067
762 4531
821 1799
276 2409
213 559
111 4957
533 2263
3077 4821
486 4271
2679 3973
532 598
227 3764
3754 4838
2772 4813
2600 3070
2099 2147
1168 1800
909 4579
3101 4844
2503 3999
2355 3860
4080 4329
2584 3508
1077 2607
2759 2926
732 2091
1978 4564
420 984
848 2804
375 2403
296 1627
1885 3951
1880 1957
997 2287
1459 3684
286 953
418 2117
1967 4483
2263 3681
1814 4702
2875 4353
2487 4249
2642 2832
2214 4922
1301 1928
403 4002
1782 3709
1875 3682
2478 4196
1605 3500
3183 3834
846 1067
2678 3493
2491 4429
2664 4350
548 2339
1183 1476
79 4101
3353 3685
2530 3660
898 4932
46 2226
4180 4307
870 3114
1224 4572
433 1278
2271 2755
17 4910
485 3940
1843 3852
1592 1945
3723 4015
2011 3897
1343 3800
1618 1819
1272 1781
1112 4749
2858 4759
2347 4093
3300 4832
1651 4355
3233 4295
804 2179
251 3315
3383 4683
1012 2736
3867 4766
384 1863
2825 3128
2282 4356
1581 1981
1327 1448
2070 3677
424 3123
7 3543
2814 4095
489 4950
2143 4191
4800 4978
1036 3539
3957 4636
1714 3748
1875 3249
1967 4376
845 959
1272 4665
1049 2824
3209 4910
1137 4696
310 4531
3834 4482
3432 4250
1964 4583
4376 4813
2503 3819
4781 4884
4208 4357
911 1216
4307 4730
2715 4000
370 716
3278 4903
132 2471
3504 3788
2191 3690
1597 2257
314 1005
1898 2182
231 1060
2697 3977
260 637
2627 3352
4666 4840
2435 2761
1755 2183
2399 3407
980 3733
597 3163
766 1345
489 903
1652 3105
3393 4403
1363 4752
521 2233
322 3836
4515 4796
3628 4484
3365 3494
1185 2442
1490 4312
474 1173
1367 4150
2381 4945
2306 3075
708 1489
2456 2884
4008 4975
433 2863
367 4984
3393 4799
566 1289
721 1248
1485 4348
1705 3731
868 2306
397 1472
1645 1821
2180 4808
2439 4476
795 2273
1858 1884
50 706
275 891
584 2284
633 3231
468 1894
4106 4662
1057 3152
3335 3550
2189 4996
2947 3321
3543 4628
3212 3541
798 4853
1869 2107
4466 4876
2774 3657
1137 4372
786 1070
2272 3275
1604 3018
3834 4350
1385 4215
301 3305
454 2974
2212 3954
994 4667
690 1248
247 1607
1842 2553
3831 4617
518 521
1627 4018
2345 2650
2985 3585
963 3605
436 1290
1418 1614
563 832
853 1448
400 1006
4420 4955
3427 4682
3218 4521
2574 3665
885 3862
1857 4530
