100
968500000 968600000
968400000 968500000
968300000 968400000
968200000 968300000
968100000 968200000
968000000 968100000
967900000 968000000
967800000 967900000
967700000 967800000
967600000 967700000
967500000 967600000
967400000 967500000
967300000 967400000
967200000 967300000
967100000 967200000
967000000 967100000
966900000 967000000
966800000 966900000
966700000 966800000
966600000 966700000
966500000 966600000
966400000 966500000
966300000 966400000
966200000 966300000
966100000 966200000
966000000 966100000
965900000 966000000
965800000 965900000
965700000 965800000
965600000 965700000
965500000 965600000
965400000 965500000
965300000 965400000
965200000 965300000
965100000 965200000
965000000 965100000
964900000 965000000
964800000 964900000
964700000 964800000
964600000 964700000
964500000 964600000
964400000 964500000
964300000 964400000
964200000 964300000
964100000 964200000
964000000 964100000
963900000 964000000
963800000 963900000
963700000 963800000
963600000 963700000
963500000 963600000
963400000 963500000
963300000 963400000
963200000 963300000
963100000 963200000
963000000 963100000
962900000 963000000
962800000 962900000
962700000 962800000
962600000 962700000
962500000 962600000
962400000 962500000
962300000 962400000
962200000 962300000
962100000 962200000
962000000 962100000
961900000 962000000
961800000 961900000
961700000 961800000
961600000 961700000
961500000 961600000
961400000 961500000
961300000 961400000
961200000 961300000
961100000 961200000
961000000 961100000
960900000 961000000
960800000 960900000
960700000 960800000
960600000 960700000
960500000 960600000
960400000 960500000
960300000 960400000
960200000 960300000
960100000 960200000
960000000 960100000
959900000 960000000
959800000 959900000
959700000 959800000
959600000 959700000
959500000 959600000
959400000 959500000
959300000 959400000
959200000 959300000
959100000 959200000
959000000 959100000
958900000 959000000
958800000 958900000
958700000 958800000
958600000 958700000
