999 999 999 1000
84307513
57160986
3916821
56855553
37429996
16926941
12759634
17747670
21733751
20726079
19326419
5125561
91091597
34151927
97362039
7282579
33934060
24960519
28333852
80665703
50121357
89958727
84291419
55777312
6538649
94329700
61116584
51542756
30486406
39773625
30749131
373602
70564778
8024526
6786678
3115015
38512327
67329974
6146171
15941531
57546230
8835782
18936194
78185997
42296196
4418548
83410998
19778240
99946672
22603765
36758006
14519680
99566860
68216299
97939224
9246258
96843273
87617591
70383356
13896116
26343239
94613979
96657534
41027964
12465266
445675
89570311
96702966
14700174
57521507
90347993
26307347
57937822
95034150
91401941
17711534
36612191
98062322
69136791
83858880
83837229
16239392
8179893
85152541
6051374
67039954
52310479
19442595
48712632
17771655
3853277
71675969
25375964
70871767
32533548
99721974
76954062
27140575
27066355
4024478
22629378
99065787
17380460
49242428
75013023
1915480
2126232
15297337
14984546
51297501
22846402
31538831
71010629
9426778
60649034
22499070
91432498
24861034
31002447
60123549
68710045
89387243
74748310
63827774
32533208
70129912
43846595
26564590
84888773
83289759
15698445
41312509
31356416
53958914
55745511
16517929
7451440
36274060
13910261
7595144
71320874
49883320
98858562
70417616
9176649
54691336
25021420
46640135
18590477
38033152
15327044
98401503
25513638
74752384
98778857
34629179
23198166
95094650
92044950
91956831
58634911
11131404
61582181
89525970
26219752
86688232
77952947
70948877
82409869
61105865
61358640
54285958
2774295
8461972
48211134
96070020
51715110
21311985
56271009
59565798
62960533
3739104
23333715
79883699
89828648
6996726
15579275
25553722
3013274
6765910
3908037
33862046
34485089
23217415
98849301
51120508
44633021
68565063
28146429
66697495
42672249
86637627
66612663
2982690
34680007
3864790
76203552
46234944
82449221
24343768
88115207
11754819
52858854
85849604
60092556
43724746
14778883
11902118
8787322
79118037
26666815
20152101
20786244
82334801
88982286
23293942
74040370
39425904
46290970
5475272
14480490
89729446
31557768
2216606
32018363
30562564
88193603
46881002
90407792
66114024
28295429
76362163
92860703
59072387
944114
26669232
53653131
19731418
85482607
63523901
65154651
63956543
9650906
25435142
65840882
44205849
83429751
55143626
26423662
43316900
23607585
88725062
70353816
95290853
58003742
24744179
99441944
48762949
13038952
92374982
11261001
75291616
46445085
24899798
44190580
77084092
56438134
32759874
74184707
27514005
81792641
27233370
63462911
35997581
41611996
879556
89371270
30280845
7214832
61094579
19039158
66238552
4141375
61535300
36277231
25538543
51029414
35362165
57544922
92401877
12178859
57210995
59483200
54899158
48648150
25994921
67881332
44863197
8745072
64575938
41624202
82331946
68095919
64636104
40614388
23643011
17286898
30291727
83794336
75868324
30441270
15992135
71220284
89078038
76988005
17501704
28124
4352673
47524138
79482068
41958570
12254980
56140930
17634390
34445394
27663454
27180224
12848943
37104998
23105949
23318593
88468523
90142529
81215876
85711162
22826627
984423
69227
2462511
15976480
22825872
3862996
45511417
89008720
56431758
60848116
34270604
66356266
83807352
15526655
59638348
8803609
30421424
94399395
84726749
20507329
53728772
95597280
73876734
22033240
64207013
57121254
48654787
60959633
30937180
28422995
81195282
66018870
92499061
22749127
87091508
73441971
75039773
2659870
8141182
79672481
48886131
40145696
11916456
81175952
14424018
61737084
40214255
434835
17400061
31586413
63463940
5239044
17488875
81721405
23803666
72812011
27122903
80257868
98933496
54239124
43966994
77418695
54296964
39315599
32531853
26083206
76065280
44793358
99526637
17152625
27147857
70153569
8489258
13987797
82959652
53648244
10868866
22606144
81370621
96294047
14319918
2464862
44889975
66945858
23005047
24472264
5830204
82637844
18480996
31587931
592763
29208165
62825089
89840041
46361766
58813577
54482986
74532273
10583117
37431757
58280229
26022559
89991313
33142990
81563200
47247141
96064390
56844979
93821901
13778441
13569465
20113546
77030548
76838927
87951018
150032
47776498
78589882
42648881
23777481
53868783
85289591
34932862
86266529
36713014
53377310
81382118
23830881
7605523
37258437
52012621
55612453
56600915
2875803
32063391
51624259
5307073
722574
6563910
30784694
80845338
54438750
31727723
55316510
73529884
58554298
72894320
4171171
89340432
3652947
71106309
47038078
23866279
27764629
26431556
14943147
96403541
28873628
67888545
9210730
46803803
43526502
95267658
83978391
66389000
34339033
80211752
82218307
43421844
21138005
23964072
39016067
6079589
9758027
54468711
5925498
91612565
60645070
33299093
55024298
28411409
1327739
93026959
27660836
4753657
69213250
49613021
9775509
25228619
26838355
27402780
810782
46306409
58630767
12949244
55361829
56472384
39330659
68290074
6593858
29639234
53500697
10282654
68201767
4181325
35990259
30000592
4559281
7781084
11700116
32667691
22412514
54862636
46555820
9616365
22069583
76674663
99936200
76235909
75464082
14818904
66845498
67472311
43954457
24127826
95769121
48734309
60088338
59475960
60627581
74407670
71758819
4319322
73004679
29609405
19273553
87636532
9272643
78384082
90576573
57378531
91226211
31688815
2236702
18887655
58735772
44869218
40797252
60349584
34791889
28645384
80522397
9657724
67630916
21478842
78640986
99201852
97346489
5388776
80034604
29434210
53239017
94471248
94665898
88270040
97629111
13375380
75337624
39643168
99477477
7357708
83347800
37003698
16854174
13557040
55267612
305952
96858913
63710667
44438309
44825577
84754826
17027300
87189702
95172235
81359223
35850919
33921553
76904649
23939808
50111871
3112748
1296604
95411678
77113778
59152803
28873556
42407696
6579535
20525839
56105936
36426174
64613837
93240542
20693381
35677948
41221207
83754951
25044118
35984211
1633363
84335220
95961102
77407958
92181471
13459122
43420674
55604912
68961575
80979125
42005806
69116152
8826538
44930740
43250454
45203988
31079521
75987504
89737994
52226676
44885150
6215229
59993336
91599090
93437139
48908811
66954459
27452416
6151858
30115821
5275928
26223465
43964633
11137295
39360878
58725662
90239282
12437729
32615993
90538653
18365052
81877874
26314762
57719914
50395830
78963021
12378344
9656630
28073535
1265302
61851288
60264531
6259493
64447425
3797898
30331551
91875435
52460610
68565298
18315443
51405947
75912074
99375959
66107495
41507549
51597909
53151636
66752619
5746673
37193321
53126738
25651721
60573619
98053008
48982730
23385016
61336880
63266774
83746663
57596896
45441643
93818119
15609777
88683150
62247099
47686789
57797855
30263550
84463057
70038796
82974648
92050852
76701128
53686579
51184127
88941415
86526214
43855530
32214264
69754767
60287462
50208109
98007012
98204969
65263458
20578049
88933802
16010822
48534907
90625789
75934904
29044104
4868649
39672266
14788839
19336835
74974331
60519726
41761269
4910228
11271190
78316888
20573166
88821090
51416071
88873555
97555614
6832693
78532808
78336130
46931827
69033885
64955698
6519070
25173449
51472506
41204056
1787383
17956963
85894731
41585865
74345484
29239013
95179635
6606955
28204816
10076649
11656849
14942155
59899300
53236855
41327384
82313829
29813774
84644541
78110655
68030602
67102690
23182929
48559865
49518605
36728690
9947416
73143444
73796461
34651526
66597705
57170284
78642803
77418179
60113517
94541707
38544089
34874796
98343236
69299576
1295955
5568796
93002865
43612055
47624724
98265489
29111702
76084313
45715925
24218085
7733308
59445171
18813250
20515013
75425662
95520848
40922929
47731414
59103893
89077444
11647407
65382346
96539218
43981191
45762714
80311555
31823668
50434153
19355291
16947473
25818892
13283157
70767518
11510771
48305961
65558423
89156115
84174175
54862911
27609540
95638402
54029280
90845976
17096603
31113879
94231022
76019192
97147561
81418255
45305808
46662682
92937963
52132319
65972861
80310527
19861127
179564
97574773
75531711
36027608
91951806
45036568
65653598
17973011
18209523
78368250
69079511
4865612
32240124
81712023
44364491
45108302
34845651
50410181
44207868
50875063
92339012
31299110
34913532
23607540
28905139
71830487
6016893
42685778
8440850
19762187
10872973
56641701
56061915
31579364
59072865
51455107
60704832
20608373
35121475
95546790
38434551
36837310
15743423
13284108
98063394
619897
86731852
88042539
69681659
4225175
80451075
46226826
78862273
10088412
48644626
90473412
53142880
80158253
38341323
74687276
69868703
2512617
3210159
65820604
70975762
25658347
43962376
23277070
33655401
64335167
78348450
7419163
34468363
73603443
69604497
4053363
55932700
28745185
23049398
11801036
18432341
12324999
27396017
46850667
98193871
22740417
10720930
22297733
94501233
95891276
14633601
74746328
11337446
55270651
7542719
65831606
98790067
56600156
57181387
7229299
26100333
58434814
2734370
24754821
64603818
39821184
41250304
86112318
44768714
70345660
87234848
3390782
57869099
97958958
79678339
79367065
48733323
52971100
54703940
42473146
38449285
68356194
80325115
90628504
70076952
7572997
31150089
87810461
182354
45617448
66194594
51017494
57303849
46485163
87435657
28660586
35847049
34955627
93535198
25351590
2911285
13750181
18204002
33841036
35742782
89381536
19711990
98120463
61840941
54976432
39074422
71515491
98432078
12625795
46981964
4623620
87321549
42070778
13574088
86912333
75327140
95340937
16092540
45844861
7180549
52734712
93433745
1117707
29312676
9343249
57144947
8092813
38718795
22368143
37178796
38847426
46584087
1454884
6974789
95638478
53126790
33825212
12784744
59625292
59518032
83127814
48260143
56092628
55290863
13612208
71977334
34078076
70236853
79378903
89334328
2339395
46751345
91339079
59664311
76720767
42413627
32555451
25892565
45438780
28727178
33870309
31509983
35545771
70381601
81861155
67197162
22485039
51272188
13221402
60399598
41145011
68305496
2079332
85032960
76052267
9201724
89041001
73717527
92632663
61443372
88658553
3554877
96166884
26098428
20913487
81628871
3413431
12814965
30298099
10689990
37182480
32764038
22301719
69353771
94899632
53740522
35058225
55957160
80097741
89003118
17323904
87173572
54420544
17391753
97761096
75060037
10681541
86480430
86728975
87731996
69264317
63054161
75168332
82809300
77776812
92425128
55815322
22028024
32991030
37328716
70403987
27396598
3061545
4520194
20030096
4650644
43260262
82587204
81504951
14785771
92776020
64755812
7682830
90478820
61561370
41618853
11261592
31622305
1028319
11451135
20137273
34034327
27884396
17888181
26221699
71128132
89100856
62851068
85631681
69906955
80661706
52678849
70821566
24904284
43015412
79869513
82379863
39967400
16705130
90542780
67712253
76534036
64842548
75542896
95605399
20227443
28494455
31374581
14417202
79327212
39099811
25046218
31063070
1540411
32040648
21991556
38999652
69945430
52719560
34388152
29828366
13181150
30726619
3580689
28282652
32318816
80321207
99914981
3744248
2246254
17509679
46025683
70240873
87180737
55631518
14820647
25013419
8907535
37203595
80257352
24777641
66036918
96080680
4348988
56608675
92360929
32710124
18849450
38850721
87835211
87463311
28921787
42987032
6102163
18897771
70894325
14843314
33732978
14419101
3326830
36071686
48536606
21793876
75080672
93876001
5099390
21595135
18009979
76876096
61885677
53694354
27477653
76323743
34995534
77496760
38948225
93102060
80966259
99038257
81758340
77507666
24902548
55939936
28332493
37523270
83141963
44071670
12569533
95013601
56673439
22857580
79566562
50811560
57681991
82680588
82158001
88510678
1960133
18770786
40709348
64806349
86411526
82023611
75627097
27956745
27761771
70106422
93408455
38478608
31520782
25441462
56230494
79481872
18741567
9885397
69830373
77918802
51270706
55259871
83602252
4168195
92407920
20192123
99255449
44075605
11291372
12661984
30451194
63243919
60689802
3929944
51916765
25947451
338491
26733541
57912373
57687220
47523444
46509316
63805829
57585406
459921
50418227
63762368
89814789
57881032
52695018
85491748
78444193
1901842
64682626
87149947
52402621
36597950
42338691
21922955
3691905
18356835
31656820
34453102
49875490
37088038
35737933
33122915
39986260
76151596
90169808
56642875
57708484
54304234
65571333
33639625
62272066
76485669
42050518
77820966
70793697
2737565
53120973
34742780
97514973
79425048
45029507
12376499
70103579
51397261
58312541
52935919
51496103
89332790
790614
18545258
64686134
53455913
58322547
43958973
46019411
17350887
48154554
96773144
27368887
69097914
10846052
13725588
59801396
79237482
85617823
7369815
75618721
41171290
28640593
30181412
80823278
6857352
66974074
34356645
87409204
36621462
3541195
57659332
16044757
93555969
56106351
52263633
2275311
65411046
5056419
53698840
21791307
86320289
4888482
43463346
9124114
48651814
27589560
15726959
10537803
6105078
83469139
57647779
35033898
93390504
51566444
8959964
4293524
19574020
67543521
17864366
94842197
7868103
10226754
75950058
88705039
56968579
12438770
81820957
80541596
67430230
26579657
33421766
56759704
59450661
10153806
25998336
65427105
76510040
41113947
10407288
91894283
16288290
73276744
25664204
75011074
42433789
19829573
10094100
10742241
64729505
95377840
45307734
79798659
3802504
13083256
50166585
35961393
74139913
45078853
56898672
57747107
82980503
70036627
70495357
37758362
65237518
62184979
51023251
21920412
74892792
79279850
77509954
54661027
20204188
71193374
71002702
75382933
16579540
83162768
26152777
22205805
50874559
68887843
49608570
69795951
90686926
34730409
85496479
80768067
94370651
6365756
1625527
15221339
79248646
49538275
97050533
86060748
48415924
22927589
85543534
86528178
44454831
96377624
22381059
74620081
28017540
70158263
65042298
71565946
19248181
23371266
40699223
27528224
43018912
86551044
38050189
6688912
52387444
71690519
66845398
10149709
83892441
33888279
25494011
37556986
39178437
58864459
72052482
72884792
90294517
71802979
71058131
42961580
67361464
49221272
52438493
51133811
38835123
67728630
60093010
20534715
48464743
87176590
82511088
68358957
73334428
40496942
20862509
84467790
55272554
90669613
97482879
66106514
3564888
9956936
98211643
62277643
2272012
38986738
65815573
96025761
31682657
59465052
80730976
58452878
8018304
24544187
7343479
8192469
87762058
18160670
64745927
62070406
15165297
4905707
89121718
96972153
58600069
54148598
19741708
82910475
782545
39484422
22412401
63658642
41346359
11505304
21826820
45051450
13494973
31278169
68921446
73160975
96807334
82536978
43698512
14850312
42155158
81978146
36215440
88002538
25691165
31270717
37497721
7993764
58022796
67165623
92479877
2037372
64689596
99699477
87268868
2300888
16136894
3606039
72959383
12997662
62236477
26621206
29043228
70572860
33745930
8550227
69397431
91859134
72069559
76729509
77180991
70062746
14800938
94867944
11328199
93492518
54323851
31295644
95334318
84683802
23989288
38545203
85212158
73875817
73789764
76373923
13814201
17841847
46342759
7959239
87402597
19259036
35687318
61002803
39550046
87965676
29396025
42577287
5781710
38366599
47964507
67522582
77171652
46243270
84440759
64138677
63422316
78063997
43617371
85076675
31290624
94826844
19294442
74520554
40599375
22961016
93944841
10455151
14862327
38413411
8501773
42498382
44921380
43254308
42864251
89240656
93616740
33874373
82573117
43158720
71182351
79700301
20089089
85056138
63115973
65738781
15983758
65234460
65715929
45380149
74033163
59849764
1816247
46510561
72368439
81677558
37707252
92842888
48358074
17756453
87650646
48262399
87794513
88120284
55478170
46611936
9023614
87604643
2716889
2568637
68968950
99770889
80683244
38633760
31208032
9697918
87829516
79925535
99913367
52062205
62302734
19653734
86785674
44159545
62289178
66431978
21179122
20614504
9202220
9483442
32026948
57723790
65709792
80862110
35968743
8625585
99558146
1570997
17753985
9484098
58058445
33746254
54714541
66854001
94762120
18713778
15069354
93084135
80323404
84280387
56872943
66047231
35245482
78919725
9124300
54385840
62146729
37991634
27875310
67574342
66904157
50542474
85986883
11529080
78700744
23831178
10941873
22948741
19564943
38515486
98858153
24724445
94845174
83366645
98735024
6865624
50512993
4875577
88910090
42432172
88860570
3601057
82465513
69153472
49670802
1026550
51503493
79495461
61324118
66897692
12309668
46058379
35191411
58840724
36766463
40629515
11094492
87498393
3689135
41830423
31096895
15896661
1618586
97013127
13293632
40535005
16671729
73696681
166441
92839192
14276613
94952932
78550227
18654616
99634899
96089442
37173305
97133140
401566
58983
6383258
35115871
57335304
12754023
45422247
8668268
90958853
81879846
47417388
11236023
43534566
65180523
43092725
7956879
49458598
66976724
25025380
53478011
28309758
40880654
38437817
34601997
66545850
62884485
48363039
15070306
7410181
26746964
41259483
9874228
5512636
87920847
5430563
43811459
30408088
64796301
35460125
38901379
1398465
83409687
82017297
72297273
39038540
34424654
2749739
47521239
50145578
91429818
97598468
48048248
76543228
4331970
19558447
38696040
25478307
79017002
73146167
91870645
41455099
90842302
86811997
21837501
87397600
6707189
25010402
12679709
82326705
27937147
9325409
5018613
94834567
10755082
53809510
55590570
57429193
98202077
83301198
54274117
79118418
15475633
1270262
44124360
99143689
41476914
35679392
28469326
50469311
34349500
62811103
98753305
88132357
41606188
25234190
20037091
66725818
20537324
29096845
97562550
30363676
58644520
30605814
7943421
82046607
97145700
92012041
37120055
40788761
88663432
40556299
1775372
74543305
71671392
53541872
35151256
64219264
31920017
42466916
63857651
31643734
89586221
2358474
64205434
21043230
59261942
5779967
88191818
71247409
2698740
87779004
54444708
32923456
52787292
46118109
64419914
92427585
94200153
59524644
98490613
58600088
22686869
73226984
86133648
64029007
78505196
75410167
24713387
29871251
98861522
22204255
68738606
695382
8360431
49952674
5602459
7067105
50292608
92707119
22848787
56436833
25775925
6234547
44860331
64063582
33554044
85821989
1531313
69295106
39270922
64454582
28300165
90535645
83627654
35325302
39136630
46757743
28664747
3939143
1622664
99095935
52819361
96031128
81176793
562213
47141051
82954049
93899115
55922121
88643845
81921810
40269282
38406938
92242390
62292518
88070530
38322525
38609046
99301443
68808052
23879530
6907256
19810413
10567647
25292318
40481243
1189609
76984452
97178519
84891449
7822535
65539963
87069222
88184094
43929823
17321081
12141218
63992285
2902757
25073450
67307016
78521438
14272801
81673746
76110777
99421732
84240945
10350546
6836808
64265013
82696742
59160149
63356796
37272731
40256995
73850131
74310650
75368555
82095690
92745143
5661635
56908414
1563261
9740508
35167342
287786
92341714
61584694
50899866
4239416
24413356
44243281
5821939
89763410
33974565
98598959
98680045
68699165
46238046
339504
27717382
99886460
82557569
49479368
48525291
39843245
70738005
70488170
57054257
60203399
75231323
54578694
5402027
81485865
10242934
39263976
31553796
73720752
86888130
71524621
49332330
53545375
49849814
22877069
16795154
5250673
99594956
69135807
31860608
89219389
55875373
48540346
82934492
41172039
6601324
58222226
19091240
59721123
58169735
83413924
78885943
54908619
64182705
4899319
37205874
43865497
61644370
39689830
50103563
93859847
74079855
95821038
62426717
42922495
80824889
77043917
45103670
61339255
20095422
16720222
72612702
62099036
97584986
58129842
1036380
81916016
26801563
52616952
62973716
52387576
33154186
38707759
21665796
28109501
95154387
30384529
7487608
95360471
26067298
68215936
77284429
39664870
58177194
24112577
3027384
4261141
48960497
5358520
10765233
72444765
97909775
90058616
78123074
74668455
33543703
24035981
95272416
41111735
78151161
9312223
74620241
17588728
88442651
53909507
51147819
62042769
24384187
9819136
80615698
81633351
97392887
62873896
1188812
23469471
63481285
25750630
79339138
95951501
77282903
44722176
16250949
20068329
21168676
51981689
97593538
62407844
10456162
51779619
87100808
68227531
156450
78393922
87235878
94006312
27452507
31341877
72464522
14953604
31504233
68987130
72650158
50144904
44927102
25487600
91157763
10329511
58748831
30348437
13170253
43120220
5036338
39924923
9124216
59514758
81791829
41380987
94683928
97519480
40179788
34143635
4613323
28614840
1145056
54965427
12011582
56552334
75373994
87346847
35631977
79596786
77914795
42341481
39119445
48721292
26042817
70056308
84268950
45214560
91241484
85240592
48170148
89138342
34756675
31766241
22358609
28112231
29820782
16515119
80528648
28135694
53131374
20682423
6001262
58232797
57634266
32718087
64052641
55369498
36366803
44570440
26650042
10718864
51649285
27399756
49509092
39718760
30415560
85299316
74928115
44549311
82565715
49490877
62942370
81280408
11614730
5582502
62165200
22590021
88481055
37515512
28038737
65009152
51806237
79684881
48993557
22985592
13523720
56801552
86620363
1004678
37853225
47347181
22198204
44329685
64931832
93832034
50900115
59137254
70387596
51286761
18954224
79516338
23495981
11868879
27946031
18807805
79787827
1397547
18792490
47546531
49783945
8677562
74825246
30482917
67277172
50358396
67980248
1837943
79061887
38293343
25979809
36021398
84059801
84343137
49770653
84225641
23675822
16763764
71404006
97706505
59072737
82863526
96185807
5246464
17907313
13734181
78581168
99344834
54951725
58509964
44934878
92013685
65259000
21928694
61334923
32681602
17093061
46016268
51943658
69111976
21818319
53837558
5394689
60255337
63701683
17231126
71710976
49848325
26442364
5447862
33929556
37076721
69290156
41338670
42943857
98754434
64747541
61062326
80983577
82172493
83829502
43488245
5335370
63138272
5141572
94685931
76787497
15970700
97824692
73777340
93234153
2214972
79619887
57063930
10225463
28669319
86660865
54684405
70039149
73060060
53743850
72726650
25146364
18123941
47609442
48976851
52409350
22300035
18148895
89376736
90506220
88676221
41503399
65376782
51217219
10234106
84861570
92187537
44108285
95046427
85516538
37134967
33694562
64718023
43133700
91557005
97363233
43036425
77087543
34512106
67987879
378627
38210760
49455699
23431026
60971103
15955121
33139940
13383653
53028613
30035141
90758981
52718541
11628827
24039842
39054112
80556613
20685948
95056306
94482435
74626026
70410543
75818943
90481373
26884146
99196097
26512713
1452986
71988503
59225
50784956
37425643
16319916
44593893
33221387
77658240
64502820
57478143
34688392
8677844
68691205
49912192
96692318
8703563
2676268
85836327
34300989
24779025
49680385
82862631
79711332
55985412
63616858
275352
65690479
22505499
86631624
83350572
658545
4502271
46299146
82955568
75316727
93045833
88925325
12324916
77905136
83712871
81537289
59182459
75119763
62483465
35927299
23776241
62517650
55352218
30408236
41735798
7051739
23247293
34541614
4375692
47300519
60556007
53800474
81015236
62886152
15094740
2781105
2735279
24649083
96861545
23352945
75154391
33520624
46246745
29701077
11223981
30796701
30276043
39203014
89371467
71376925
59723727
61750800
61929060
83892883
37498143
5623123
22456821
84854264
59566096
31893848
11595535
47385809
90545122
71905315
56763296
65341794
20101234
86552520
86603956
57190676
97398830
44762815
89051989
56022591
39785413
41361309
1373868
34234779
83185956
84560635
98457100
86360735
40690948
73403556
67699426
13531627
45925183
52655081
79276884
85240375
29288148
92470488
72136024
95452235
82984339
43258859
82901038
90608178
2581194
7731820
29409586
10112607
13480947
21814133
65605560
63607201
5019244
43410686
88376569
82952084
72910448
26720844
26515048
50355349
45800038
72972254
29606427
43321146
39733771
12543290
62100262
92286082
40631432
93791007
51130105
68747076
71089475
76245507
44874847
77513716
85712664
39042251
57302092
6095764
18663427
87612409
61723344
2649042
84286647
42149034
47720913
74086355
21315157
97913400
76090335
96441358
2371262
20859056
31525650
58030962
64582008
64275112
33903701
46596298
62888618
12550981
120708
34029805
61049152
79109282
50488720
5226223
19322775
45762753
63946246
34272000
96618124
88706505
92020280
27842540
71903280
9971565
4470772
16153321
25873203
47456166
25866978
91789470
61051020
94492582
29422005
81556315
87154820
70363200
73852049
15414439
17214426
67059433
85657424
78050223
76526441
10473055
15198654
85649329
67068768
34856172
4403427
41287828
43478164
50205088
35089111
28613674
65176183
96712303
94348687
32817885
21745386
95917145
26052498
42979498
97566063
33365368
40280714
90762147
66436257
26303286
3556074
70631940
80813073
66693080
53764642
23227978
15704914
66675881
26575553
99890311
93014844
14593790
49198162
32970697
61442598
82867240
34173904
59174719
66017903
65916420
71815845
19063418
97748588
23924727
80566217
9134404
39594382
34879987
30511237
16349080
83537050
32386968
2527083
78673484
34603189
6969989
27641910
82082032
54575993
70729508
3502690
62692188
29797907
70016562
42797346
42513935
56111555
99565952
506721
87178708
74712423
7527068
34325504
45335288
39529625
59442700
37998614
91256959
65602742
60919199
60345052
75074482
83096722
27022183
78373903
16700399
80415778
16931148
21338335
70421410
2167803
79437846
52922866
40791157
6369820
43661471
72924258
5236393
75950488
77583561
69536847
22638008
18751584
91405579
28007909
85802769
9183474
5590476
14473730
34887268
89576088
10451662
72924583
79611811
51855157
69013225
81080767
62580432
46515372
12339892
37645971
38091612
87327408
58258094
50495905
85449319
23615069
91051095
16797758
15494
88879579
23948320
82467794
4649481
64027526
36195494
16550412
33313941
41027981
95612419
6455954
45832179
55790544
3338952
6580145
27231351
69424207
7111140
54049228
59705236
70214978
22611154
90759848
13856129
2061696
16204221
94866431
28864733
3000586
59889424
99967122
15029715
42877277
1049566
90456787
13891377
40274667
68777743
62998942
28098222
24286645
51675664
90596920
38528374
36356191
43656748
42643845
84947508
25928490
54636472
4025758
91052539
49072277
78574939
92439598
69021482
8036961
27810657
61548318
34375784
35542376
20608733
23096603
17295247
3641911
58341972
68588516
28495681
93051064
81110375
48113102
75853526
71229485
7217765
89407201
29314987
28223300
47015491
41214280
79398023
55463565
86295815
4327390
97616606
20891645
44932010
27835440
66219358
55536661
75311270
94684919
91181120
93799070
4871014
42859047
92769293
6792712
4534297
16018441
5256014
68567722
99978208
8210147
89686634
74154441
36865785
63634779
51864926
9276921
9271016
6805330
79560664
42410248
19720862
227089
4047664
50624905
81861581
75866720
68633464
57487086
46342335
87782053
56843658
71417547
46250661
33637974
87953613
56011028
17893392
90241670
42322558
5503813
32443826
67342489
68437474
53737051
51963187
63271581
3516941
43666642
97182365
28973305
21071124
81890063
32972947
90831279
74635721
62383179
86441239
94983410
47058973
