299839861
299838247
299829389
299828775
299827775
299827161
299818303
299816689
299751964
299750350
299748113
299746499
299741492
299739878
299737641
299736027
299695769
299685297
299684683
299674211
299624357
299615163
299613885
299613549
299613271
299607872
299604077
299604021
299602799
299602463
299597400
299593549
299559779
299549307
299548693
299538221
299536460
299532609
299527266
299525988
299525652
299523415
299522137
299521801
299483026
299472554
299471940
299471882
299471071
299468031
299461468
299461410
299460049
299459985
299458435
299457559
299456609
299454995
299448963
299447349
299446137
299444523
299427605
299425991
299419826
299418212
299417133
299415519
299408740
299407126
299399659
299395129
299391278
299388573
299384657
299383174
299380806
299379323
299372152
299370666
299370538
299369052
299368301
299366687
299359580
299357966
299335133
299335081
299333519
299331929
299330315
299328078
299326464
299324047
299323995
299322433
299315957
299312517
299311762
299307911
299304871
299302045
299283513
299283385
299282769
299281771
299281155
299278918
299277304
299275734
299273041
299272913
299271299
299269148
299267534
299264648
299258328
299258062
299256448
299247242
299247236
299247184
299245622
299244545
299243385
299243333
299241771
299241105
299233459
299231911
299230633
299230297
299228060
299226574
299224209
299215488
299212101
299206487
299204873
299204322
299202907
299201629
299201293
299196015
299194401
299193236
299191041
299187837
299183986
299181251
299180329
299179967
299179955
299179637
299177400
299176527
299175786
299170431
299169857
299169243
299168881
299166580
299166055
299163096
299161482
299158771
299156648
299155162
299152797
299152624
299151010
299147523
299144076
299139744
299139293
299138677
299137051
299134826
299128821
299128658
299125056
299119629
299116425
299113970
299112574
299108543
299103214
299103144
299099774
299099293
299095041
299093427
299092432
299092128
299092070
299090584
299089302
299088581
299088219
299087819
299083955
299082341
299081960
299079498
299078109
299076797
299075183
299070770
299068569
299067881
299067265
299063414
299062991
299062395
299060298
299058815
299058687
299058097
299057750
299057483
299057409
299057073
299056136
299055051
299053644
299051923
299051905
299051847
299047996
299047793
299047278
299047011
299046179
299045664
299043965
299042558
299037159
299036574
299034960
299033308
299031732
299027881
299019004
299016407
299015317
299013831
299011466
299008532
299007570
299007144
299005956
299005530
299003303
299003293
299002745
299002687
299001679
298998836
298992831
298990983
298989066
298987414
298987403
298985800
298981789
298980672
298980511
298980175
298978298
298977980
298976821
298975094
298971243
298970200
298967212
298967154
298966349
298965747
298963303
298963137
298961896
298958976
298958410
298957588
298957362
298956796
298955974
298955631
298952665
298952051
298951881
298951829
298950949
298950267
298947890
298947592
298947116
298946276
298945502
298944545
298941579
298939863
298938398
298937120
298936784
298932705
298926550
298926405
298925934
298922877
298922825
298922083
298921263
298916078
298915933
298914595
298913658
298912313
298903701
298903573
298903186
298901959
298901227
298901169
298897318
298892482
298890401
298886550
298885896
298884282
298883014
298879537
298875240
298875076
298872542
298871389
298871079
298869465
298868451
298867734
298867228
298865614
298864768
298863883
298863478
298863350
298863052
298861736
298861293
298860917
298859201
298856892
298855278
298849652
298846072
298843871
298843322
298843183
298842246
298839180
298837697
298833052
298832785
298832289
298831774
298831438
298826685
298826675
298825071
298825061
298824416
298821070
298820565
298815599
298814959
298814884
298814318
298814190
298813985
298813496
298812576
298807789
298806261
298803873
298803798
298803024
298800517
298797077
298796715
298795789
298794306
298792066
298791640
298789431
298787789
298786605
298786452
298786402
298784838
298783284
298783033
298781670
298778785
298778657
298778605
298777668
298777043
298775930
298775316
298772561
298771947
298771910
298768073
298767711
298767196
298766285
298764844
298761475
298760294
298759481
298757601
298756492
298755974
298752123
298751751
298750137
298749208
298743472
298743061
298742906
298742490
298742084
298741804
298741447
298740876
298740665
298739051
298738788
298738439
298738206
298737292
298737174
298736377
298735678
298734937
298733323
298732890
298732386
298731612
298731404
298731276
298729790
298727488
298727353
298727120
298727062
298726987
298723211
298723136
298722894
298719962
298719258
298712800
298712672
298712620
298711789
298711134
298711058
298710175
298708769
298707373
298707332
298701852
298701759
298701707
298700915
298700145
298700048
298698505
298695136
298694654
298693901
298692287
298691285
298690958
298690443
298688960
298688757
298688069
298688033
298685317
298684664
298684182
298683256
298682785
298682593
298682583
298681642
298681171
298680813
298679739
298678894
298678328
298678185
298677938
298677671
298677506
298676324
298675601
298674845
298672397
298672170
298672046
298671799
298671507
298670556
298670432
298670392
298670098
298668546
298667808
298667713
298667099
298667034
298664515
298663854
298662240
298660960
298660003
298659904
298659346
298658389
298658368
298658316
298656754
298656627
298656313
298655575
298654593
298652979
298651724
298650742
298650735
298650542
298650309
298649432
298649128
298648818
298648534
298647846
298646691
298646458
298645841
298642795
298642360
298641388
298639192
298638346
298637715
298637448
298636101
298635774
298634565
298634160
298630579
298624954
298623853
298623491
298623237
298619386
298617548
298616087
298614473
298613381
298611181
298611171
298609616
298607659
298605814
298605615
298604001
298602141
298601575
298600860
298600753
298600095
298599374
298598969
298598686
298598530
298598398
298597009
298596573
298595359
298595046
298594696
298593745
298593200
298592383
298591508
298591055
298590997
298590845
298590769
298590288
298590281
298589894
298588798
298588555
298588288
298587704
298587312
298587146
298586941
298586437
298584149
298583853
298583325
298583268
298582535
298581563
298580298
298579885
298579816
298578684
298577776
298576810
298576162
298575965
298575724
298574110
298572379
298572239
298572007
298570948
298569413
298568580
298568156
298567780
298567697
298566042
298563841
298563153
298561704
298561535
298560637
298558335
298557684
298557667
298556786
298553022
298552970
298552755
298551408
298550881
298550618
298549809
298547249
298546955
298546738
298546720
298546603
298546593
298545106
298543375
298543102
298541698
298540409
298540084
298539164
298538693
298538565
298537553
298536951
298536483
298536247
298535939
298535517
298534108
298533846
298532016
298531226
298529612
298529061
298528078
298527954
298527557
298526986
298525161
298523284
298521788
298521719
298519762
298519433
298517868
298517386
298516868
298515911
298515900
298514276
298514244
298512093
298511477
298510501
298510393
298507626
298506650
298506515
298506370
298503564
298503202
298501621
298500057
298498575
298497856
298497168
298496285
298495428
298493942
298493623
298493092
298491682
298491577
298488393
298487037
298486779
298486770
298486255
298485423
298482856
298478397
298476217
298475944
298473807
298472093
298471995
298471669
298470438
298469956
298469850
298469840
298467752
298467281
298466587
298462979
298462434
298462408
298461667
298461523
298460619
298460612
298460583
298460053
298458998
298458764
298458706
298458409
298457355
298457210
298456666
298456542
298455205
298454855
298453487
298452860
298452808
298451354
298451322
298451267
298451246
298450140
298448526
298448350
298448291
298447416
298447323
298445456
298444499
298444463
298443433
298442864
298442401
298441819
298440057
298439089
298436206
298435509
298435238
298435206
298435195
298433684
298432590
298431707
298431632
298431615
298429617
298426449
298424723
298424423
298424120
298422211
298421822
298421677
298420270
298418276
298417265
298416662
298415493
298414429
298413819
298412815
298409959
298408930
298406661
298406590
298406108
298406045
298405021
298404407
298403221
298403174
298403150
298402703
298402628
298402500
298402194
298400886
298400583
298399781
298399155
298398218
298397856
298397606
298396189
298395504
298394916
298394473
298393935
298393461
298392678
298392424
298392135
298392088
298391964
298391804
298391389
298390111
298389775
298389309
298388261
298387746
298387134
298386875
298386226
298385655
298385261
298383830
298383772
298381953
298381338
298381332
298380878
298380457
298379921
298379855
298378286
298378102
298377042
298376879
298376055
298376004
298374569
298374511
298374146
298373051
298370777
298370660
298370512
298368645
298368499
298366885
298366661
298366367
298365590
298364794
298363674
298362998
298362272
298361739
298360305
298360220
298359238
298357633
298357624
298356958
298355837
298355692
298355281
298355187
298354954
298351912
298348038
298347612
298347309
298346486
298345872
298344924
298344301
298343761
298343458
298342945
298339495
298337881
298337518
298337066
298336005
298335400
298331216
298330234
298329763
298328620
298327882
298327596
298326421
298326194
298326183
298325950
298325602
298325533
298323988
298323749
298323745
298323061
298322257
298322049
298321103
298319291
298318753
298318693
298317575
298317207
298317139
298317124
298317000
298316520
298315722
298315386
298315335
298315324
298315277
298315211
298314842
298313838
298313273
298312930
298312663
298312301
298311473
298311426
298311316
298308768
298308473
298308281
298307019
298306667
298306121
298306048
298305505
298304527
298304125
298304067
298303168
298302752
298301533
298300676
298300216
298300004
298299444
298299341
298298878
298298390
298298373
298298056
298297758
298297694
298295642
298294933
298294692
298293907
298293078
298292349
298288794
298288358
298287584
298287395
298287287
298287180
298286458
298286372
298284461
