1000 1000
140
967
533
182
521
444
267
768
336
98
835
660
502
837
520
630
504
63
872
532
609
987
233
700
360
715
140
987
424
396
274
242
590
185
639
919
410
41
383
340
666
155
632
796
911
185
168
226
876
473
468
905
588
985
95
707
186
385
473
99
65
168
69
796
805
733
359
890
9
355
174
889
843
165
498
653
375
142
572
382
783
788
716
951
101
450
222
836
101
822
858
916
827
338
526
592
45
370
670
505
802
101
900
578
908
260
936
691
727
968
814
513
540
476
875
205
954
834
283
759
221
399
76
365
773
933
130
266
351
787
140
683
141
210
998
611
881
356
462
192
874
411
670
703
785
981
406
782
941
741
382
247
725
819
434
422
323
81
158
619
830
511
315
388
437
154
587
243
535
398
651
557
8
862
947
10
533
267
499
830
35
951
923
391
786
351
661
572
692
9
876
713
775
195
472
727
147
973
105
180
324
85
310
536
625
693
590
700
483
77
441
863
790
589
982
467
566
836
858
571
197
382
338
508
983
896
333
33
942
250
921
252
172
526
17
836
328
917
227
933
973
731
783
729
299
639
670
79
492
39
361
315
92
988
730
921
555
995
403
533
533
271
432
491
235
851
895
262
237
814
16
503
94
892
378
392
960
651
133
493
412
908
159
612
193
255
540
286
853
561
348
563
363
276
914
216
518
522
339
920
974
566
232
664
527
217
488
301
186
313
409
274
315
317
922
778
160
125
633
188
857
323
580
744
376
694
320
366
833
108
710
586
377
201
845
861
375
972
790
721
546
311
654
917
28
549
881
185
528
943
813
115
440
269
372
690
869
908
930
757
466
643
843
182
88
437
791
938
878
679
206
608
186
566
792
930
116
682
706
948
843
416
111
86
526
29
105
897
997
365
633
6
169
120
247
977
603
358
947
501
224
448
318
503
304
1000
468
708
45
215
107
287
221
42
454
726
829
541
652
686
632
12
24
653
818
162
629
884
953
184
912
29
940
301
815
893
358
53
685
9
537
870
231
104
385
538
324
20
516
344
406
117
201
350
804
955
581
540
612
687
230
748
151
564
380
990
718
909
317
540
106
398
874
667
41
955
731
708
264
821
330
312
809
970
190
258
628
743
805
579
302
765
458
999
717
854
212
85
507
340
119
164
22
380
27
156
458
723
770
195
756
906
563
64
941
339
828
977
483
121
674
57
236
511
838
209
712
576
314
780
654
982
260
436
300
403
226
381
302
50
350
482
786
585
400
939
835
458
490
984
445
267
355
407
197
283
750
523
884
669
871
562
656
102
56
694
806
909
33
14
717
568
202
640
944
346
563
639
535
629
326
372
769
753
959
16
279
561
954
882
661
635
233
437
274
116
820
32
761
508
936
578
568
301
34
165
834
33
590
246
998
656
862
167
287
407
364
886
944
378
608
292
79
706
540
529
118
861
25
178
596
919
625
440
393
188
827
482
708
829
413
9
65
980
429
164
137
133
356
157
698
269
564
869
199
595
452
641
245
372
687
717
66
315
308
799
534
585
339
206
322
518
359
982
812
942
593
400
813
995
952
183
68
536
46
345
497
72
810
674
475
433
980
740
125
585
792
375
457
756
91
767
194
348
326
490
812
130
883
670
916
610
834
203
530
575
856
441
549
307
825
443
10
954
112
540
433
362
84
371
972
60
965
290
437
437
246
327
115
896
56
264
557
399
460
841
163
718
629
686
13
632
877
273
608
455
264
825
643
134
736
578
848
211
591
657
341
452
300
29
652
571
833
830
144
635
830
584
731
935
827
32
510
549
691
234
194
659
803
204
388
946
629
712
933
668
682
615
551
939
235
196
349
803
507
890
925
600
180
713
486
268
316
245
766
327
919
701
867
926
634
190
284
315
294
565
592
610
732
630
938
402
163
805
449
436
186
776
756
59
30
171
163
19
139
760
795
537
473
336
566
788
799
994
84
288
901
204
947
142
685
922
952
1
752
429
902
80
215
49
766
690
549
441
391
487
168
663
360
153
620
406
442
250
615
595
579
656
708
228
851
306
93
233
734
838
379
317
922
161
247
580
465
706
843
80
367
999
941
41
473
320
913
413
659
649
641
286
38
304
465
743
525
588
283
388
670
867
444
383
617
738
866
270
53
163
798
649
931
558
427
858
387
896
325
407
975
697
267
190
964
236
486
704
8
865
947
429
926
524
651
987
28
248
472
905
383
195
304
366
635
758
873
866
29
762
464
564
129
421
405
748
394
356
940
270
636
668
56
17
442
404
802
748
596
75
145
589
354
496
