33
0 0 0 0 0 0
-1000000000 -100000000 -10000000 -1000000000 -100000000 -10000000
1000000000 1000000000 1000000000 1000000000 1000000000 1000000000
123456789 123456789 123456789 123456789 123456789 123456789
0 1 0 0 1 0
1 0 0 1 0 0
0 0 1 0 0 1
1 1 0 1 1 0
1 0 1 1 0 1
0 1 1 0 1 1
0 -987654329 0 0 -987654329 0
-987654329 0 0 -987654329 0 0
0 0 -987654329 0 0 -987654329
-987654329 -987654329 0 -987654329 -987654329 0
-987654329 0 -987654329 -987654329 0 -987654329
0 -987654329 -987654329 0 -987654329 -987654329
-1000000000 -1000000000 0 -1000000000 -1000000000 0
-1000000000 0 -1000000000 -1000000000 0 -1000000000
0 -1000000000 -1000000000 0 -1000000000 -1000000000
55 32 32 55 32 32
32 55 32 32 55 32
32 32 55 32 32 55
1 -1000000000 1000000000 1 -1000000000 1000000000
1 1000000000 -1000000000 1 1000000000 -1000000000
-1000000000 1 1000000000 -1000000000 1 1000000000
1000000000 1 -1000000000 1000000000 1 -1000000000
-1000000000 1000000000 1 -1000000000 1000000000 1
1000000000 -1000000000 1 1000000000 -1000000000 1
5 2 3 5 2 3
1 6 9 1 6 9
0 7 222 0 7 222
55 -123 1 55 -123 1
-2 0 98765432 -2 0 98765432