200
1000000000 1000000000 1000000000 -1000000000 -1000000000 1000000000
-1000000000 -1000000000 1000000000 1000000000 1000000000 1000000000
88 88 97 97 97 97
88 88 88 176 176 88
1 1 -2 -2 -2 -2
0 0 87654 -1 -1 87654
0 0 0 555555555 555555555 0
-555555555 -555555555 -555555555 0 0 -555555555
-555555555 -555555555 555555555 -666666667 -666666667 555555555
-555555555 555555555 -555555555 -666666667 444444443 -555555555
555555555 -555555555 -666666667 444444443 -666666667 -666666667
101 101 0 3334 3334 0
101 0 3334 3334 3233 3334
0 101 101 3233 3334 101
1000000000 0 -100000000 999999999 -1 -100000000
-100000000 0 999999999 -100000001 -1 999999999
0 1000000000 -100000000 -1 999999999 -100000000
0 -100000000 999999999 -1 -100000001 999999999
1000000000 -100000000 -100000000 999999999 -100000001 -100000000
-100000000 1000000000 -1 -100000001 999999999 -1
1854315271 -766660598 -764427814 4515470270 1894494401 -764427814
4598598570 -3609304796 598162194 5028386046 -3179517320 598162194
-4959120205 4296406920 -689726648 -8290942413 964584712 -689726648
1750753139 -3696659580 4539823732 1258080734 -4189331985 4539823732
1469249062 -3589705190 1552537328 -1676797824 -6735752076 1552537328
-2472104927 -1947820586 -709837136 841870739 1366155080 -709837136
3380233147 -4169041001 798518396 5136029678 -2413244470 798518396
2030216615 1309866002 3792316298 4285565039 3565214426 3792316298
3074918278 -4299940099 478033865 6576185626 -798672751 478033865
1835880039 -4702883031 -3796944876 -43292295 -6582055365 -3796944876
1619206684 2978523181 -1358992301 3763265932 5122582429 -1358992301
445469306 3036735289 374767719 4291134121 6882400104 374767719
-4937091916 -2766355928 3912862968 -8421698151 -6250962163 3912862968
-1282500353 -2128575812 -608925018 1700747057 854671598 -608925018
-2337136313 -3609756241 -4394820213 -6416027240 -7688647168 -4394820213
-363267083 2417376469 -1335992307 756736757 3537380309 -1335992307
1573850937 4848903220 -3416087758 5947394244 9222446527 -3416087758
-4182350368 -1593895672 -4339351703 -8116869675 -5528414979 -4339351703
-1400883723 4956312944 4268005840 -4333920044 2023276623 4268005840
1522018687 3160320791 4859720154 980890335 2619192439 4859720154
790146240 -3801070171 1183904582 5716003499 1124787088 1183904582
430285853 1977739600 1540182402 5019738656 6567192403 1540182402
-3322611328 3154928615 412590574 -6019015057 458524886 412590574
866142243 -192791934 1896508800 1897483791 838549614 1896508800
2623610102 -947624995 2295506115 -1240383994 -4811619091 2295506115
3736971945 3040268126 4538290113 5962831272 5266127453 4538290113
-4813103171 2824587869 -4260372649 -811499135 6826191905 -4260372649
205865269 -2053717466 4089139320 859731020 -1399851715 4089139320
-875737492 759714598 4334726800 -3323491460 -1688039370 4334726800
-1837985984 1596565235 -3303631709 1317859503 4752410722 -3303631709
1 1 -14 -2 -2 -14
1 7 1 -2 -14 1
7 1 -2 -14 -2 -2
-1 -1 -7 9 9 -7
-1 -7 9 9 63 9
-7 -1 9 63 9 9
-1 -1 7 9 9 7
-1 7 9 9 -63 9
7 -1 -1 -63 9 -1
1 1 0 6 6 0
1 0 6 6 0 6
0 1 1 0 6 1
1 -1 0 -6 6 0
-1 0 -1 6 0 -1
0 1 55 0 6 55
0 0 92 0 0 91
0 7 0 0 91 0
7 0 0 91 0 0
0 0 -6 0 0 -7
0 -7 0 0 7 0
7 0 0 -91 0 0
0 0 123456789 0 0 -123456789
0 -123456789 0 0 0 0
0 12 12 0 0 12
-12 0 12 0 0 12
-33 -33 -33 0 0 -33
11 233 233 0 0 233
233 -111 233 0 0 233
233 -233 66 0 0 66
1 2 3 0 0 3
98765432 -432123456 765432345 0 0 765432345
828282 101010 0 0 0 0
0 -8765567 6787 0 0 6787
828283 0 -181818 0 0 -181818
-26837 6135 51341 1249772253 -285700815 51341
-76533 -4717 -84744 578283348 35641652 -84744
22866 -76435 -16801 -1774287270 5930973825 -16801
31145 -69125 83473 -2741382900 6084382500 83473
-27497 -47131 -24887 1893828378 3246100494 -24887
-48173 61788 6096 2930604455 -3758872980 6096
-72245 67157 -81128 1575807940 -1464828484 -81128
-31046 -41499 42936 1143672548 1528740162 42936
6116 -40154 28116 384463992 -2524160748 28116
-58653 -5803 -8246 2407236426 238166726 -8246
-34000 37446 -34086 714714000 -787152366 -34086
-9110 -52827 21565 -524881760 -3043680432 21565
72356 -78013 -38635 5486610768 -5915569764 -38635
83745 -22473 -91878 4629423600 -1242307440 -91878
-59556 -69528 -72429 -82901952 -96782976 -72429
-7593 5564 0 -231282780 169479440 0
1000000000 1000000000 0 -1000000000 -1000000000 0
-1000000000 -1000000000 0 1000000000 1000000000 0
88 88 0 97 97 0
88 88 0 176 176 0
1 1 0 -2 -2 0
0 0 0 -1 -1 0
0 0 0 555555555 555555555 0
-555555555 -555555555 0 0 0 0
-555555555 -555555555 0 -666666667 -666666667 0
-555555555 555555555 0 -666666667 444444443 0
555555555 -555555555 0 444444443 -666666667 0
101 101 0 3334 3334 0
101 0 0 3334 3233 0
0 101 0 3233 3334 0
1000000000 0 0 999999999 -1 0
-100000000 0 0 -100000001 -1 0
0 1000000000 0 -1 999999999 0
0 -100000000 0 -1 -100000001 0
1000000000 -100000000 0 999999999 -100000001 0
-100000000 1000000000 0 -100000001 999999999 0
-4959573243 4011502502 0 -560105118 8410970627 0
3353085887 4139291845 0 -1093237939 -307031981 0
-1221171012 -1392028446 0 -3289102414 -3459959848 0
-4220095676 4419983109 0 -6710996025 1929082760 0
4249143257 3833781797 0 2289955592 1874594132 0
4236249474 -1667847682 0 1887525122 -4016572034 0
3295463363 3766461249 0 2528923939 2999921825 0
-1775072753 -2735830401 0 795928234 -164829414 0
-4361885630 -1704118789 0 -538908852 2118857989 0
-2703719473 3844078708 0 1048773267 7596571448 0
-4203587365 -1113553077 0 -907324936 2182709352 0
4901425918 3260445653 0 6924304800 5283324535 0
1288945920 4762477786 0 -3158112227 315419639 0
-2393314909 -1040081754 0 -1901634150 -548400995 0
-878899568 -681203160 0 1249959284 1447655692 0
1796085814 -4165757459 0 6016377936 54534663 0
-4077172618 750721149 0 -7164697746 -2336803979 0
3358515236 -2911244178 0 -977300947 -7247060361 0
-4685255516 3045715100 0 -1814999171 5915971445 0
-1922496888 -3850329283 0 -3891888546 -5819720941 0
-754629216 3235865671 0 -5034758740 -1044263853 0
-3768624626 -2066784139 0 -3690118463 -1988277976 0
-4377744330 -2019904714 0 -6335642059 -3977802443 0
-2930916902 -3654436794 0 -3384975364 -4108495256 0
3346726452 -3805555677 0 2809983282 -4342298847 0
2422815950 -3475431111 0 -1862200109 -7760447170 0
4226999681 3666580589 0 5160623833 4600204741 0
-1757714594 4161219606 0 -1653293425 4265640775 0
1441071570 2843870114 0 4947997538 6350796082 0
1084424048 -3696482370 0 3501301942 -1279604476 0
1 1 0 -2 -2 0
1 7 0 -2 -14 0
7 1 0 -14 -2 0
-1 -1 0 9 9 0
-1 -7 0 9 63 0
-7 -1 0 63 9 0
-1 -1 0 9 9 0
-1 7 0 9 -63 0
7 -1 0 -63 9 0
1 1 0 6 6 0
1 0 0 6 0 0
0 1 0 0 6 0
1 -1 0 -6 6 0
-1 0 0 6 0 0
0 1 0 0 6 0
0 0 0 0 0 1
0 7 0 0 91 0
7 0 0 91 0 0
0 0 0 0 0 -7
0 -7 0 0 7 0
7 0 0 -91 0 0
0 123456789 0 0 -123456789 0
0 -123456789 0 0 0 0
0 12 0 0 0 0
-12 0 0 0 0 0
-33 -33 0 0 0 0
11 233 0 0 0 0
233 -111 0 0 0 0
233 -233 0 0 0 0
1 2 0 0 0 0
98765432 -432123456 0 0 0 0
828282 101010 0 0 0 0
0 -8765567 0 0 0 0
828283 0 0 0 0 0
-38048 -64695 0 370359232 629741130 0
11880 -80738 0 1113239160 -7565715766 0
-27022 -52252 0 172319294 333211004 0
16778 -9345 0 -1353246368 753730320 0
60162 -27973 0 4086503850 -1900066025 0
-43992 -27638 0 -2545113168 -1598968852 0
53283 -2719 0 -4858557072 247929296 0
16218 -6884 0 -259260948 110047624 0
83467 -16059 0 -4577497214 880707678 0
33630 -76201 0 -1616829510 3663515477 0
16222 9198 0 -185109242 -104958378 0
22425 -60364 0 -226066425 608529484 0
17405 2551 0 275782225 40420595 0
-11359 -34345 0 1048322110 3169700050 0
-69235 -77088 0 3111213195 3464103456 0
-10948 26473 0 826990024 -1999717474 0