11
149
612460 612460 612460 5 87 6 6 6 612460 612460 612460 612460 6 7 612460 5 612460 8043823 7 1 7 27 6 66078 612460 50 175 15461274 55568 1143685 1 612460 87457 87457 37 115 87457 8043823 8043823 645031 87457 27 87457 5 3 87457 87457 1750564 1 3 612460 8043823 105640 880847 3724 7 105640 56386243 7 612460 4550756 66078 3 52622831 38 68 40835811 4478 105640 4 410787 27 5744070 523 8 71811378 2601762 484672 52622831 17 157573 1 28350 612460 1 612460 115 105640 1 7 5 1750564 3 13856 276 52376020 31712145 612460 612460 115 11858781 60556 4 40835811 1 17574281 17 38261782 6 612460 37 1 1 2601762 726 6 815320 4 1 4 27 6 276 5 6 80475855 612460 8043823 3724 56 12703 71052 17574281 6 4130 880847 726 8765 8 13856 68 17574281 52 214218 17188435 54 4 166 37
335
1703513 4 1703513 1703513 1703513 244 50201207 1703513 50201207 1703513 1703513 36 33310846 5 7802 1 1703513 36 4138276 244 136 5 36 20062852 20162 6 6 1086 4138276 1703513 244 7235 1703513 4138276 7802 7802 8 76801 7235 46020 46020 8 10366326 36 8135 1 1 1703513 7235 183 2844632 7 2028573 88475 54437 6 43 7 5 1703513 10366326 36 76801 6 1703513 6360774 7235 4011 1703513 4308 33310846 6588127 1703513 7235 101068 244 1703513 81122 5445 32 6 845606 4 1703513 17 6360774 25367 76801 1 12671702 5 67 888646 36 8 24312776 8135 6360774 1 7802 32676 7802 76801 185447 515553 237 33310846 185447 2 6 7802 275617 4 8135 36 10366326 4011 687454 7 2 3 60218 33310846 7802 2 7802 1 185447 165 341 2 21182067 4308 244 2844632 3608566 1 1703513 7235 12 168102 7235 4138276 54528 46020 7802 36 62836 1086 4 136 8757168 7 7 1 726 58 5 278 17401 4422 3020375 4 48674 8 1 6240701 1 81465 13145153 7 4 1 8602217 43 18154 17401 2844632 6 1536082 8104304 436 2 21182067 32437448 764 7802 278 5066465 806 46020 515553 35 7 7544 88475 8 6 2 588548 1703513 1 1204380 273 8131 7 28187104 687454 36 4308 687454 4276718 12334 5 53077451 1 1528565 1 1703513 2062 853500 76801 6 23 32 4 185447 5 12662 615461 50201207 36138 451 113 37027 36 555402 3 8 7802 342 8135 8 12 50137 6852 5 37300850 2 5 7226 5 46020 70 1086 2 1243446 687454 323533 7235 5 1 7235 6240701 6 8757168 138010 7235 1558383 628 4 20162 1703513 4 6 8131 5 7417 4138276 20062852 10 2 21182067 4 36255651 101068 1703513 1 76 876457 8582642 72564530 12671702 36 33310846 515553 1086 5 80383 40 8 5061 163034 12662 163346 8862537 8 860134 8 1 12 1 8 776243 70 2 7 342 1703513 2844632 700 744224 687454 5 54437 2134814 6360774 2 273 82523 4422 242 528 323533 687454
243
60 182527 4036547 44536 18 16 16 865406 16 22 60 24215458 24215458 182527 24215458 60 833 44536 60 60 571851 418004 46272 833 16 8340 13446 13446 8178 16 16 4 16 16 178767 4036547 21587860 60 16 521812 44536 865406 8866457 22582788 16 1173380 167265 1 521812 16 182527 37302 16 8178 53748654 182527 46031 8770 20803 22 833 20803 44536 8 4036547 5 17260700 866453 865406 4 16384380 71 38752001 8 46031 2540 22247 833 1510 44536 17260700 46031 1 20803 3 46272 7 24215458 3634574 8866457 53603668 182527 38752001 46031 46031 440 13 31855811 38752001 464 14331 7 4 6 4 5 71 182527 60 16 628 60 3417 60 2635531 8770 4 14814446 106856 18 38752001 8 417 34267871 1026434 60530326 4150 6 46031 60 8138 7 18 53603668 8782 11721515 182527 25703 46031 46031 167265 7 4 1 40438 8866457 5866255 106856 25703 6642 8340 880 1 2 24215458 8866457 20803 138471 4150 58 47 6857 3 5 8138 62 2617812 5675 1347660 6 167265 1026434 21 52518 4036547 16 8770 16 660 24215458 182527 687454 3877060 16485218 531 46031 52 8 16 182527 845 178767 53603668 5586681 44536 16 1 30 4036547 454 44536 182527 3312646 60530326 5475577 10212 77 138471 833 13446 8 6 8 20803 56 53748654 56722443 4 46031 5 5 46031 676 20803 85673157 845 572 313 418004 228 33253 11 2 56722443 771 6 20803 16 1385467 833 3151 63348647 880
86
12 2000 2000 2853604 12 2000 2000 25267325 42 62540 2853604 8 2000 42 2853604 2853604 12 12 12 2853604 2000 2853604 4120171 12 4 12 2853604 2000 2000 10508 30558 2853604 12 2000 4 1 8256 4 2 7 1 8104446 2000 2000 2 30558 783 1033 21 12 12 1 12 763204 67 10508 680023 4120171 25267325 8840827 4120171 1632851 10508 48608551 4120171 32027545 64368858 4120171 4465 4 1632851 674 8 265 31 31784 21 55852858 8 4465 31784 1 2642683 1033 1 12
11
4 4 4 41233 4460743 4 4460743 4 4460743 4460743 4460743
7
624448 624448 624448 624448 624448 40623 53404848
165
6784446 831718 831718 831718 44 831718 6784446 171050 41385773 831718 41385773 831718 8 4 10010 450270 831718 41385773 1083 6784446 16074 4654 6710223 4 8 145 831718 831718 185 8 4 28783 1667 831718 1066781 22 8 831718 450270 831718 171050 165805 4652440 28783 21541804 4 4428081 6784446 4 450270 3207467 831718 8 100 6 62171141 3207467 831718 132 67030 21541804 37473 831718 1066781 6 4842177 1 132 4652440 45513 3 6 52175230 8 100 3516 22 3443 34 7840 62171141 165805 8 831718 6784446 53603126 4 8 4641 13814424 6784446 831718 13814424 10141658 67030 3144304 45513 5 4428081 7076 11080 831718 52175230 1 67030 3 3048110 1835765 52148 62171141 132 8 831718 3207467 4 75 41385773 100 1 53603126 6710223 6 831718 831718 3401 53603126 1835765 1 365 171050 1105481 6710223 12603 431 4842177 6503 4873573 6342708 831718 6503 1 41385773 4 11080 2856340 2 77625 4842177 175 7545 13814424 53603126 1573 4 13814424 220667 10 37126 4 4 1288 2015 831718 4652440 12603
1
1242
1
847274
1
655781
1
166